Overall metrics: 

map: 0.11200546751239945
map_std: 0.012925936628841585
roc_auc: 0.7737851567259143
roc_auc_std: 0.007808345112152306
cm: [[15323.8   317. ]
 [  269.     50.2]]
cm_std: [[82.27125865 77.02986434]
 [ 9.31665176  9.19565115]]
precision: 0.13857293492373016
precision_std: 0.014356022909107896
recall: 0.15727860501567398
recall_std: 0.028876844564941485
accuracy: 0.9632824843260188
accuracy_std: 0.004324563439967714
known_true: 319.2
known_true_std: 0.4
known_neg: 15640.8
known_neg_std: 19.599999999999998
predicted_true: 367.2
predicted_true_std: 85.34729052524163
predicted_neg: 15592.8
predicted_neg_std: 90.81938119146155
specificity: 0.9797315430874545
specificity_std: 0.00493158377055447
npv: 0.9827511071709985
npv_std: 0.0005097977552207161
fdr: 0.8614270650762699
fdr_std: 0.014356022909107887
f1: 0.14565149993045784
f1_std: 0.012189017311280267
----------------------------------
Predicates

metrics for confers#SPACE#resistance#SPACE#to#SPACE#antibiotic: 
map: 0.11200546751239945
map_std: 0.012925936628841585
roc_auc: 0.7737851567259143
roc_auc_std: 0.007808345112152306
cm: [[15323.8   317. ]
 [  269.     50.2]]
cm_std: [[82.27125865 77.02986434]
 [ 9.31665176  9.19565115]]
precision: 0.13857293492373016
precision_std: 0.014356022909107896
recall: 0.15727860501567398
recall_std: 0.028876844564941485
accuracy: 0.9632824843260188
accuracy_std: 0.004324563439967714
known_true: 319.2
known_true_std: 0.4
known_neg: 15640.8
known_neg_std: 19.599999999999998
predicted_true: 367.2
predicted_true_std: 85.34729052524163
predicted_neg: 15592.8
predicted_neg_std: 90.81938119146155
specificity: 0.9797315430874545
specificity_std: 0.00493158377055447
npv: 0.9827511071709985
npv_std: 0.0005097977552207161
fdr: 0.8614270650762699
fdr_std: 0.014356022909107887
f1: 0.14565149993045784
f1_std: 0.012189017311280267
----------------------------------
