Overall metrics: 

map: 0.28498892252253977
map_std: 0.025698795272258174
roc_auc: 0.8082925893128277
roc_auc_std: 0.11092919090194335
cm: [[15523.    117.8]
 [  241.6    77.6]]
cm_std: [[43.206481   24.18594633]
 [ 8.1877958   7.91454357]]
precision: 0.40270087765771734
precision_std: 0.04177507544863533
recall: 0.24312891849529777
recall_std: 0.024987052407753698
accuracy: 0.9774798197492164
accuracy_std: 0.0011560217955942104
known_true: 319.2
known_true_std: 0.4
known_neg: 15640.8
known_neg_std: 19.599999999999998
predicted_true: 195.4
predicted_true_std: 30.910192493739018
predicted_neg: 15764.6
predicted_neg_std: 49.83412485436059
specificity: 0.992466572836031
specificity_std: 0.0015527591568647034
npv: 0.9846757428332555
npv_std: 0.00047913166187001544
fdr: 0.5972991223422826
fdr_std: 0.041775075448635325
f1: 0.30103361826267194
f1_std: 0.016818384024747644
----------------------------------
Predicates

metrics for confers#SPACE#resistance#SPACE#to#SPACE#antibiotic: 
map: 0.28498892252253977
map_std: 0.025698795272258174
roc_auc: 0.8082925893128277
roc_auc_std: 0.11092919090194335
cm: [[15523.    117.8]
 [  241.6    77.6]]
cm_std: [[43.206481   24.18594633]
 [ 8.1877958   7.91454357]]
precision: 0.40270087765771734
precision_std: 0.04177507544863533
recall: 0.24312891849529777
recall_std: 0.024987052407753698
accuracy: 0.9774798197492164
accuracy_std: 0.0011560217955942104
known_true: 319.2
known_true_std: 0.4
known_neg: 15640.8
known_neg_std: 19.599999999999998
predicted_true: 195.4
predicted_true_std: 30.910192493739018
predicted_neg: 15764.6
predicted_neg_std: 49.83412485436059
specificity: 0.992466572836031
specificity_std: 0.0015527591568647034
npv: 0.9846757428332555
npv_std: 0.00047913166187001544
fdr: 0.5972991223422826
fdr_std: 0.041775075448635325
f1: 0.30103361826267194
f1_std: 0.016818384024747644
----------------------------------
