Overall metrics: 

map: 0.22313389784934676
map_std: 0.014271664974664882
roc_auc: 0.8749974380147585
roc_auc_std: 0.01050786225627783
cm: [[15359.6   281.2]
 [  218.4   100.8]]
cm_std: [[48.64401299 56.50982216]
 [ 5.57135531  5.74108004]]
precision: 0.26906005059880944
precision_std: 0.034473319001223794
recall: 0.3157797805642633
recall_std: 0.017812858997831714
accuracy: 0.9686989420062696
accuracy_std: 0.0033641256916844037
known_true: 319.2
known_true_std: 0.4
known_neg: 15640.8
known_neg_std: 19.599999999999998
predicted_true: 382.0
predicted_true_std: 59.63891347098805
predicted_neg: 15578.0
predicted_neg_std: 51.15466743123251
specificity: 0.9820238228520248
specificity_std: 0.003600314971289933
npv: 0.9859806541252084
npv_std: 0.000336500313963825
fdr: 0.7309399494011906
fdr_std: 0.03447331900122375
f1: 0.28875714358548843
f1_std: 0.01940774522388093
----------------------------------
Predicates

metrics for confers#SPACE#resistance#SPACE#to#SPACE#antibiotic: 
map: 0.22313389784934676
map_std: 0.014271664974664882
roc_auc: 0.8749974380147585
roc_auc_std: 0.01050786225627783
cm: [[15359.6   281.2]
 [  218.4   100.8]]
cm_std: [[48.64401299 56.50982216]
 [ 5.57135531  5.74108004]]
precision: 0.26906005059880944
precision_std: 0.034473319001223794
recall: 0.3157797805642633
recall_std: 0.017812858997831714
accuracy: 0.9686989420062696
accuracy_std: 0.0033641256916844037
known_true: 319.2
known_true_std: 0.4
known_neg: 15640.8
known_neg_std: 19.599999999999998
predicted_true: 382.0
predicted_true_std: 59.63891347098805
predicted_neg: 15578.0
predicted_neg_std: 51.15466743123251
specificity: 0.9820238228520248
specificity_std: 0.003600314971289933
npv: 0.9859806541252084
npv_std: 0.000336500313963825
fdr: 0.7309399494011906
fdr_std: 0.03447331900122375
f1: 0.28875714358548843
f1_std: 0.01940774522388093
----------------------------------
